p_val	avg_log2FC	pct.1	pct.2	p_val_adj
SPP1	1.58880284274592e-46	0.344208700117464	1	0.999	1.85731052316998e-43
PDGFA	4.03785343357306e-45	0.342789380975484	0.947	0.78	4.72025066384691e-42
CCND1	4.44956837791208e-45	0.547689006220019	0.993	0.91	5.20154543377922e-42
RGS16	4.36754650263482e-39	0.541719823761328	0.993	0.856	5.1056618615801e-36
APOE	3.68310482970598e-38	0.347493460702613	1	0.99	4.3055495459263e-35
A2M	5.70143177828874e-38	0.485635212970639	0.987	0.935	6.66497374881953e-35
CD69	1.01956248763671e-37	0.486807004576101	0.961	0.805	1.19186854804731e-34
SCIN	1.02823965673831e-35	0.548095663734137	0.993	0.884	1.20201215872709e-32
APOC1	4.60890524933505e-32	0.39168381568903	1	0.967	5.38781023647268e-29
FCGBP	9.5184792309248e-31	0.415772176900829	1	0.981	1.11271022209511e-27
NRP2	1.47564145722577e-29	0.487125022419519	0.954	0.657	1.72502486349692e-26
CYTL1	4.44916563861685e-29	0.280578996387922	0.914	0.814	5.2010746315431e-26
KLF2	3.17825428962682e-28	0.50819951986135	0.987	0.784	3.71537926457375e-25
HAMP	1.68323829323263e-26	0.433433271448993	1	0.955	1.96770556478894e-23
GPR84	5.30587460360616e-26	0.297297172270416	0.954	0.851	6.20256741161561e-23
CCL4	1.45458710008699e-24	0.350438860032827	1	0.964	1.70041232000169e-21
TCHH	1.48317477020929e-24	0.294526274389235	0.882	0.699	1.73383130637466e-21
GADD45G	5.4280303721089e-23	0.354206717967048	0.882	0.691	6.3453675049953e-20
NRG1	1.65320405563973e-22	-0.27224073615152	0.724	0.771	1.93259554104284e-19
VCAN	1.49133394210527e-21	-0.919548775463167	0.309	0.641	1.74336937832106e-18
RHOB	2.53605466653611e-21	0.430472443478987	0.98	0.788	2.96464790518072e-18
CCL3	1.10190232894843e-20	0.302485528524809	1	0.965	1.28812382254071e-17
PTGER4	7.9648178603422e-20	0.358796205329275	0.961	0.765	9.31087207874003e-17
VIM	9.10069338085493e-20	-0.274600310650251	1	0.978	1.06387105622194e-16
FCN1	1.04626981047862e-19	-0.434184737871933	0.164	0.558	1.2230894084495e-16
LYZ	4.16636027340181e-19	-0.53736971390734	0.914	0.886	4.87047515960671e-16
CCL4L2	2.65781392019726e-18	0.268662512096584	0.993	0.99	3.1069844727106e-15
ENG	6.28913409535239e-18	0.287879827432353	0.98	0.897	7.35199775746694e-15
ANPEP	1.95481517606555e-17	-0.455405656102519	0.283	0.606	2.28517894082063e-14
MCEMP1	2.72562451172646e-17	-0.407221970559934	0.191	0.527	3.18625505420823e-14
S100A10	3.41381733364963e-17	-0.543624001783089	0.875	0.857	3.99075246303642e-14
G0S2	1.4114534603805e-16	0.334435677362417	0.98	0.921	1.64998909518481e-13
TFRC	1.18052168337036e-15	0.328227506925551	0.921	0.655	1.38002984785995e-12
HLA-DQA1	2.27764736123658e-15	0.256137958616821	1	0.95	2.66256976528556e-12
PDGFB	8.93521255159463e-15	0.294344216095979	0.684	0.489	1.04452634728141e-11
ATF5	2.84242142916353e-14	0.251166959704034	0.914	0.821	3.32279065069216e-11
CXCL2	3.89157230698424e-14	-0.666662942470639	0.408	0.636	4.54924802686457e-11
MIR155HG	7.08861723428376e-14	0.277060156185584	0.757	0.601	8.28659354687771e-11
ZNF331	1.85949802003531e-13	0.309966577011982	0.993	0.902	2.17375318542128e-10
PADI2	2.50704150174261e-13	0.26585895694456	0.691	0.451	2.93073151553712e-10
CCL3L1	2.57069824635442e-13	0.25607500785751	1	0.971	3.00514624998832e-10
IL1A	3.56930865904711e-13	0.314911979492983	0.862	0.67	4.17252182242608e-10
NUSAP1	1.00822595517684e-12	-0.260290435936302	0.5	0.709	1.17861614160173e-09
FABP5	1.99275382071948e-12	0.318179294251453	0.967	0.767	2.32952921642107e-09
ABL2	2.66189436985653e-12	0.303536274505741	0.961	0.806	3.11175451836228e-09
LIPA	4.14683180430955e-12	0.275067055902937	0.961	0.763	4.84764637923787e-09
LGMN	4.73798902680742e-12	0.293073011897152	0.954	0.792	5.53870917233788e-09
CD9	5.91253713542558e-12	0.261881732396611	0.908	0.732	6.9117559113125e-09
ARID5B	6.72943269267696e-12	0.251678585451969	0.862	0.68	7.86670681773937e-09
EMP3	5.06703236681185e-11	-0.32230270812988	0.868	0.868	5.92336083680305e-08
SH3BP5	5.40082389290374e-11	-0.299604739097211	0.401	0.627	6.31356313080447e-08
S100A6	5.89979583649525e-11	-0.469725817124569	0.888	0.875	6.89686133286294e-08
CXCL8	6.68899398800436e-10	-0.287337975416242	0.947	0.935	7.81943397197709e-07
ANXA1	7.75505468633062e-10	-0.285767684856742	0.882	0.868	9.0656589283205e-07
NR4A3	1.29081318913912e-09	0.26374407726038	0.934	0.797	1.50896061810363e-06
PLTP	2.87013559399098e-09	0.25156723290364	0.941	0.746	3.35518850937546e-06
CPM	4.11013331210634e-09	0.263856904550527	0.803	0.559	4.80474584185231e-06
GLDN	4.8716688163955e-09	0.310551007343309	0.632	0.441	5.69498084636634e-06
RETN	7.12655823681834e-09	-0.27293622076651	0.349	0.537	8.33094657884064e-06
ATF3	9.30408754407732e-09	0.253108492735599	0.987	0.784	1.08764783390264e-05
FLNA	3.98244906118666e-08	-0.45692982143814	0.553	0.66	4.65548295252721e-05
MRC1	1.34484520850101e-07	-0.479223691189336	0.691	0.693	0.000157212404873769
CXCL3	2.12021909851063e-07	-0.566016245022296	0.447	0.587	0.000247853612615892
EREG	3.48171676063007e-07	-0.548320894789696	0.217	0.479	0.000407012689317656
C15orf48	4.16158520459228e-07	-0.385655407798559	0.546	0.672	0.000486489310416838
CD300E	4.85455519480756e-07	-0.308100228177377	0.704	0.732	0.000567497502273003
CD52	9.52374548986297e-07	-0.35450319799893	0.428	0.585	0.00111332584776498
TIMP1	7.73402621299236e-06	-0.295586438348639	0.967	0.877	0.00904107664298807
AREG	1.24808854801336e-05	-0.518005382724393	0.355	0.489	0.0145901551262761
TOP2A	2.34688916309634e-05	-0.29254908690133	0.75	0.782	0.0274351343165962
MKI67	4.05589979401511e-05	-0.363829689518505	0.73	0.777	0.0474134685920367
SMIM25	4.69505150533318e-05	-0.310408511273509	0.507	0.603	0.0548851520973449
UPP1	7.48189844650923e-05	-0.280826968619219	0.796	0.74	0.0874633928396929
ACTN1	8.28157296240475e-05	-0.284770036577849	0.737	0.765	0.0968115879305115
MARCO	0.000112038981080629	-0.357441650602751	0.25	0.403	0.130973568883255
BIRC5	0.000206627394010497	-0.258222227398227	0.783	0.795	0.241547423598271
TXNIP	0.000298867855408422	-0.271853765335309	0.855	0.782	0.349376522972445
CENPF	0.00139165395574803	-0.279357792279332	0.776	0.796	1
CXCL1	0.00306043591344354	-0.306228006862988	0.336	0.453	1
NDRG1	0.00394864043304486	-0.306973942690351	0.75	0.709	1
HMGB2	0.0123603246429422	-0.262923391332118	0.612	0.598	1
AHNAK	0.0444695484317719	-0.251727563971162	0.467	0.492	1
STMN1	0.137994381520727	-0.254407333851539	0.836	0.884	1
